{
    "is_scene": true,
    "video": "/volume/smart-city-nas12/sfm/hsiaohsl/workspace/pkg/sfm/for_bike/fail/case1_test3/formatted.mp4",
    "slice_beg_timestamp": 0,
    "slice_end_timestamp": 14.0,
    "frames": [
        {
            "dir": "/volume/smart-city-nas12/sfm/hsiaohsl/workspace/pkg/sfm/for_bike/fail/sfm_proj/case1_test3/preproc/slices/000/img_upsmpl",
            "slice": 0,
            "frame_idx": 0,
            "timestamp": 0.0,
            "filenames": [
                "00000_1207949970839150194.jpg"
            ],
            "lense_positions": [
                [
                    -1.3110044163373724,
                    0.5150043367156889,
                    1.6493147556077663
                ]
            ],
            "lense_rotations": [
                [
                    [
                        1.0,
                        1.2869692100315882e-18,
                        3.8876009242387126e-17
                    ],
                    [
                        -1.2869692100315886e-18,
                        1.0,
                        7.49289104792986e-18
                    ],
                    [
                        -3.8876009242387126e-17,
                        -7.49289104792986e-18,
                        1.0
                    ]
                ]
            ],
            "lense_footprints": [
                null
            ],
            "position": [
                -1.3110044163373724,
                0.5150043367156889,
                1.6493147556077663
            ],
            "rotation": [
                [
                    1.0,
                    1.2869692100315882e-18,
                    3.8876009242387126e-17
                ],
                [
                    -1.2869692100315886e-18,
                    1.0,
                    7.49289104792986e-18
                ],
                [
                    -3.8876009242387126e-17,
                    -7.49289104792986e-18,
                    1.0
                ]
            ],
            "footprint": null
        },
        {
            "dir": "/volume/smart-city-nas12/sfm/hsiaohsl/workspace/pkg/sfm/for_bike/fail/sfm_proj/case1_test3/preproc/slices/000/img_upsmpl",
            "slice": 0,
            "frame_idx": 1,
            "timestamp": 0.041708333333333236,
            "filenames": [
                "00001_2305718455661316670.jpg"
            ],
            "lense_positions": [
                [
                    -1.3111430692692918,
                    0.5150274777839796,
                    1.649544937747306
                ]
            ],
            "lense_rotations": [
                [
                    [
                        0.9999999772701021,
                        5.981099067258663e-05,
                        0.00020465199870356156
                    ],
                    [
                        -5.982845220521741e-05,
                        0.9999999945706983,
                        8.531799141322668e-05
                    ],
                    [
                        -0.00020464689463885552,
                        -8.533023348628059e-05,
                        0.9999999754191996
                    ]
                ]
            ],
            "lense_footprints": [
                null
            ],
            "position": [
                -1.3111430692692918,
                0.5150274777839796,
                1.649544937747306
            ],
            "rotation": [
                [
                    0.9999999772701021,
                    5.981099067258663e-05,
                    0.00020465199870356156
                ],
                [
                    -5.982845220521741e-05,
                    0.9999999945706983,
                    8.531799141322668e-05
                ],
                [
                    -0.00020464689463885552,
                    -8.533023348628059e-05,
                    0.9999999754191996
                ]
            ],
            "footprint": null
        },
        {
            "dir": "/volume/smart-city-nas12/sfm/hsiaohsl/workspace/pkg/sfm/for_bike/fail/sfm_proj/case1_test3/preproc/slices/000/img_upsmpl",
            "slice": 0,
            "frame_idx": 2,
            "timestamp": 0.08341666666666647,
            "filenames": [
                "00002_1545738815388867228.jpg"
            ],
            "lense_positions": [
                [
                    -1.3027438918435752,
                    0.5159645977979362,
                    1.6311931521224825
                ]
            ],
            "lense_rotations": [
                [
                    [
                        0.9999996827930439,
                        -0.0007802027066744055,
                        -0.00016030454806876992
                    ],
                    [
                        0.0007802336464555079,
                        0.9999996769865254,
                        0.00019303445798826292
                    ],
                    [
                        0.00016015389028163697,
                        -0.00019315947175847317,
                        0.9999999685200744
                    ]
                ]
            ],
            "lense_footprints": [
                null
            ],
            "position": [
                -1.3027438918435752,
                0.5159645977979362,
                1.6311931521224825
            ],
            "rotation": [
                [
                    0.9999996827930439,
                    -0.0007802027066744055,
                    -0.00016030454806876992
                ],
                [
                    0.0007802336464555079,
                    0.9999996769865254,
                    0.00019303445798826292
                ],
                [
                    0.00016015389028163697,
                    -0.00019315947175847317,
                    0.9999999685200744
                ]
            ],
            "footprint": null
        },
        {
            "dir": "/volume/smart-city-nas12/sfm/hsiaohsl/workspace/pkg/sfm/for_bike/fail/sfm_proj/case1_test3/preproc/slices/000/img_upsmpl",
            "slice": 0,
            "frame_idx": 3,
            "timestamp": 0.1251249999999997,
            "filenames": [
                "00003_542867476522560.jpg"
            ],
            "lense_positions": [
                [
                    -1.294486415948082,
                    0.5170550939993813,
                    1.6130491783119238
                ]
            ],
            "lense_rotations": [
                [
                    [
                        0.9999995955661183,
                        -0.0006145893375757467,
                        -0.0006566182654998766
                    ],
                    [
                        0.0006144387093065667,
                        0.9999997848796766,
                        -0.00022957716267657302
                    ],
                    [
                        0.0006567592199242747,
                        0.00022917361814822905,
                        0.999999758073361
                    ]
                ]
            ],
            "lense_footprints": [
                null
            ],
            "position": [
                -1.294486415948082,
                0.5170550939993813,
                1.6130491783119238
            ],
            "rotation": [
                [
                    0.9999995955661183,
                    -0.0006145893375757467,
                    -0.0006566182654998766
                ],
                [
                    0.0006144387093065667,
                    0.9999997848796766,
                    -0.00022957716267657302
                ],
                [
                    0.0006567592199242747,
                    0.00022917361814822905,
                    0.999999758073361
                ]
            ],
            "footprint": null
        },
        {
            "dir": "/volume/smart-city-nas12/sfm/hsiaohsl/workspace/pkg/sfm/for_bike/fail/sfm_proj/case1_test3/preproc/slices/000/img_upsmpl",
            "slice": 0,
            "frame_idx": 4,
            "timestamp": 0.16683333333333294,
            "filenames": [
                "00004_42386798366862200.jpg"
            ],
            "lense_positions": [
                [
                    -1.286110718255819,
                    0.5177928426016812,
                    1.5951701285796351
                ]
            ],
            "lense_rotations": [
                [
                    [
                        0.9999990503106102,
                        -0.0012121300389792487,
                        -0.0006558343136756793
                    ],
                    [
                        0.0012123191229641028,
                        0.9999992236717751,
                        0.00028798991615547787
                    ],
                    [
                        0.0006554847233046954,
                        -0.0002887847231344751,
                        0.999999743471548
                    ]
                ]
            ],
            "lense_footprints": [
                null
            ],
            "position": [
                -1.286110718255819,
                0.5177928426016812,
                1.5951701285796351
            ],
            "rotation": [
                [
                    0.9999990503106102,
                    -0.0012121300389792487,
                    -0.0006558343136756793
                ],
                [
                    0.0012123191229641028,
                    0.9999992236717751,
                    0.00028798991615547787
                ],
                [
                    0.0006554847233046954,
                    -0.0002887847231344751,
                    0.999999743471548
                ]
            ],
            "footprint": null
        },
        {
            "dir": "/volume/smart-city-nas12/sfm/hsiaohsl/workspace/pkg/sfm/for_bike/fail/sfm_proj/case1_test3/preproc/slices/000/img_upsmpl",
            "slice": 0,
            "frame_idx": 5,
            "timestamp": 0.20854166666666618,
            "filenames": [
                "00005_7499729309695172760.jpg"
            ],
            "lense_positions": [
                [
                    -1.2780243870515071,
                    0.5188290443439777,
                    1.5768942381875792
                ]
            ],
            "lense_rotations": [
                [
                    [
                        0.9999987752684354,
                        -0.0014218513871096735,
                        -0.0006540644179932579
                    ],
                    [
                        0.001421549978228804,
                        0.9999988833096158,
                        -0.0004610587610809209
                    ],
                    [
                        0.0006547192446447937,
                        0.00046012841114854443,
                        0.999999679812227
                    ]
                ]
            ],
            "lense_footprints": [
                null
            ],
            "position": [
                -1.2780243870515071,
                0.5188290443439777,
                1.5768942381875792
            ],
            "rotation": [
                [
                    0.9999987752684354,
                    -0.0014218513871096735,
                    -0.0006540644179932579
                ],
                [
                    0.001421549978228804,
                    0.9999988833096158,
                    -0.0004610587610809209
                ],
                [
                    0.0006547192446447937,
                    0.00046012841114854443,
                    0.999999679812227
                ]
            ],
            "footprint": null
        },
        {
            "dir": "/volume/smart-city-nas12/sfm/hsiaohsl/workspace/pkg/sfm/for_bike/fail/sfm_proj/case1_test3/preproc/slices/000/img_upsmpl",
            "slice": 0,
            "frame_idx": 6,
            "timestamp": 0.2502499999999994,
            "filenames": [
                "00006_3183114811563274690.jpg"
            ],
            "lense_positions": [
                [
                    -1.2698815705382256,
                    0.5197732998327115,
                    1.5588370934405056
                ]
            ],
            "lense_rotations": [
                [
                    [
                        0.9999985714089596,
                        -0.001625100275881761,
                        -0.0004650044447631234
                    ],
                    [
                        0.0016248821203760644,
                        0.999998569831406,
                        -0.0004691409572870984
                    ],
                    [
                        0.00046576618082748504,
                        0.00046838470966833903,
                        0.9999997818387907
                    ]
                ]
            ],
            "lense_footprints": [
                null
            ],
            "position": [
                -1.2698815705382256,
                0.5197732998327115,
                1.5588370934405056
            ],
            "rotation": [
                [
                    0.9999985714089596,
                    -0.001625100275881761,
                    -0.0004650044447631234
                ],
                [
                    0.0016248821203760644,
                    0.999998569831406,
                    -0.0004691409572870984
                ],
                [
                    0.00046576618082748504,
                    0.00046838470966833903,
                    0.9999997818387907
                ]
            ],
            "footprint": null
        },
        {
            "dir": "/volume/smart-city-nas12/sfm/hsiaohsl/workspace/pkg/sfm/for_bike/fail/sfm_proj/case1_test3/preproc/slices/000/img_upsmpl",
            "slice": 0,
            "frame_idx": 7,
            "timestamp": 0.29195833333333265,
            "filenames": [
                "00007_6496749226927509064.jpg"
            ],
            "lense_positions": [
                [
                    -1.261801010579248,
                    0.5206885694010888,
                    1.5408453690957096
                ]
            ],
            "lense_rotations": [
                [
                    [
                        0.9999973554639756,
                        -0.002241391507666904,
                        -0.0005150040433135578
                    ],
                    [
                        0.0022408717515553624,
                        0.9999969816159593,
                        -0.0010075975208270027
                    ],
                    [
                        0.0005172609093599005,
                        0.0010064407981864624,
                        0.9999993597588308
                    ]
                ]
            ],
            "lense_footprints": [
                null
            ],
            "position": [
                -1.261801010579248,
                0.5206885694010888,
                1.5408453690957096
            ],
            "rotation": [
                [
                    0.9999973554639756,
                    -0.002241391507666904,
                    -0.0005150040433135578
                ],
                [
                    0.0022408717515553624,
                    0.9999969816159593,
                    -0.0010075975208270027
                ],
                [
                    0.0005172609093599005,
                    0.0010064407981864624,
                    0.9999993597588308
                ]
            ],
            "footprint": null
        },
        {
            "dir": "/volume/smart-city-nas12/sfm/hsiaohsl/workspace/pkg/sfm/for_bike/fail/sfm_proj/case1_test3/preproc/slices/000/img_upsmpl",
            "slice": 0,
            "frame_idx": 8,
            "timestamp": 0.3336666666666659,
            "filenames": [
                "00008_559518952770368617.jpg"
            ],
            "lense_positions": [
                [
                    -1.2538411097542683,
                    0.5218850136175377,
                    1.5228192874968334
                ]
            ],
            "lense_rotations": [
                [
                    [
                        0.9999966838790091,
                        -0.0024506397850197555,
                        -0.0007915779366120341
                    ],
                    [
                        0.0024493451909169592,
                        0.9999956681267481,
                        -0.0016323099812421465
                    ],
                    [
                        0.0007955747113782604,
                        0.0016303657206924772,
                        0.9999983544828941
                    ]
                ]
            ],
            "lense_footprints": [
                null
            ],
            "position": [
                -1.2538411097542683,
                0.5218850136175377,
                1.5228192874968334
            ],
            "rotation": [
                [
                    0.9999966838790091,
                    -0.0024506397850197555,
                    -0.0007915779366120341
                ],
                [
                    0.0024493451909169592,
                    0.9999956681267481,
                    -0.0016323099812421465
                ],
                [
                    0.0007955747113782604,
                    0.0016303657206924772,
                    0.9999983544828941
                ]
            ],
            "footprint": null
        },
        {
            "dir": "/volume/smart-city-nas12/sfm/hsiaohsl/workspace/pkg/sfm/for_bike/fail/sfm_proj/case1_test3/preproc/slices/000/img_upsmpl",
            "slice": 0,
            "frame_idx": 9,
            "timestamp": 0.3753749999999991,
            "filenames": [
                "00009_6763825556503647884.jpg"
            ],
            "lense_positions": [
                [
                    -1.2457605766441189,
                    0.5231849839104907,
                    1.5047406879355696
                ]
            ],
            "lense_rotations": [
                [
                    [
                        0.999995760027519,
                        -0.002783357643910668,
                        -0.0008560649570869857
                    ],
                    [
                        0.002781371669639837,
                        0.9999934583812127,
                        -0.00231239408776944
                    ],
                    [
                        0.0008624955767963063,
                        0.002310003248463129,
                        0.9999969599885652
                    ]
                ]
            ],
            "lense_footprints": [
                null
            ],
            "position": [
                -1.2457605766441189,
                0.5231849839104907,
                1.5047406879355696
            ],
            "rotation": [
                [
                    0.999995760027519,
                    -0.002783357643910668,
                    -0.0008560649570869857
                ],
                [
                    0.002781371669639837,
                    0.9999934583812127,
                    -0.00231239408776944
                ],
                [
                    0.0008624955767963063,
                    0.002310003248463129,
                    0.9999969599885652
                ]
            ],
            "footprint": null
        },
        {
            "dir": "/volume/smart-city-nas12/sfm/hsiaohsl/workspace/pkg/sfm/for_bike/fail/sfm_proj/case1_test3/preproc/slices/000/img_upsmpl",
            "slice": 0,
            "frame_idx": 10,
            "timestamp": 0.41708333333333236,
            "filenames": [
                "00010_8663111594084930008.jpg"
            ],
            "lense_positions": [
                [
                    -1.237429658266777,
                    0.524406299341594,
                    1.4858659609559994
                ]
            ],
            "lense_rotations": [
                [
                    [
                        0.9999959292560783,
                        -0.002701017875837803,
                        -0.0009197682900176804
                    ],
                    [
                        0.002698805062873615,
                        0.9999934814689367,
                        -0.0023986393785387626
                    ],
                    [
                        0.0009262410623186323,
                        0.0023961473389743208,
                        0.9999967002722683
                    ]
                ]
            ],
            "lense_footprints": [
                null
            ],
            "position": [
                -1.237429658266777,
                0.524406299341594,
                1.4858659609559994
            ],
            "rotation": [
                [
                    0.9999959292560783,
                    -0.002701017875837803,
                    -0.0009197682900176804
                ],
                [
                    0.002698805062873615,
                    0.9999934814689367,
                    -0.0023986393785387626
                ],
                [
                    0.0009262410623186323,
                    0.0023961473389743208,
                    0.9999967002722683
                ]
            ],
            "footprint": null
        },
        {
            "dir": "/volume/smart-city-nas12/sfm/hsiaohsl/workspace/pkg/sfm/for_bike/fail/sfm_proj/case1_test3/preproc/slices/000/img_upsmpl",
            "slice": 0,
            "frame_idx": 11,
            "timestamp": 0.4587916666666656,
            "filenames": [
                "00011_8084171112798257563.jpg"
            ],
            "lense_positions": [
                [
                    -1.2290729520292032,
                    0.5253823656900781,
                    1.4667690020524684
                ]
            ],
            "lense_rotations": [
                [
                    [
                        0.9999952360914429,
                        -0.0029982260409591246,
                        -0.0007337813208009967
                    ],
                    [
                        0.00299657853530437,
                        0.9999930101155289,
                        -0.002236121008702755
                    ],
                    [
                        0.0007404805879933657,
                        0.002233911522671227,
                        0.9999972306600693
                    ]
                ]
            ],
            "lense_footprints": [
                null
            ],
            "position": [
                -1.2290729520292032,
                0.5253823656900781,
                1.4667690020524684
            ],
            "rotation": [
                [
                    0.9999952360914429,
                    -0.0029982260409591246,
                    -0.0007337813208009967
                ],
                [
                    0.00299657853530437,
                    0.9999930101155289,
                    -0.002236121008702755
                ],
                [
                    0.0007404805879933657,
                    0.002233911522671227,
                    0.9999972306600693
                ]
            ],
            "footprint": null
        },
        {
            "dir": "/volume/smart-city-nas12/sfm/hsiaohsl/workspace/pkg/sfm/for_bike/fail/sfm_proj/case1_test3/preproc/slices/000/img_upsmpl",
            "slice": 0,
            "frame_idx": 12,
            "timestamp": 0.5004999999999988,
            "filenames": [
                "00012_9022701452133406154.jpg"
            ],
            "lense_positions": [
                [
                    -1.2207739683425107,
                    0.5266044037204524,
                    1.447766354572867
                ]
            ],
            "lense_rotations": [
                [
                    [
                        0.9999945232005881,
                        -0.003235320962794222,
                        -0.0006973285427551517
                    ],
                    [
                        0.0032338490815955988,
                        0.9999925626474244,
                        -0.0021016350670020408
                    ],
                    [
                        0.0007041228204653332,
                        0.002099368501500782,
                        0.9999975484284693
                    ]
                ]
            ],
            "lense_footprints": [
                null
            ],
            "position": [
                -1.2207739683425107,
                0.5266044037204524,
                1.447766354572867
            ],
            "rotation": [
                [
                    0.9999945232005881,
                    -0.003235320962794222,
                    -0.0006973285427551517
                ],
                [
                    0.0032338490815955988,
                    0.9999925626474244,
                    -0.0021016350670020408
                ],
                [
                    0.0007041228204653332,
                    0.002099368501500782,
                    0.9999975484284693
                ]
            ],
            "footprint": null
        },
        {
            "dir": "/volume/smart-city-nas12/sfm/hsiaohsl/workspace/pkg/sfm/for_bike/fail/sfm_proj/case1_test3/preproc/slices/000/img_upsmpl",
            "slice": 0,
            "frame_idx": 13,
            "timestamp": 0.5422083333333321,
            "filenames": [
                "00013_456129543086792641.jpg"
            ],
            "lense_positions": [
                [
                    -1.2128008923173554,
                    0.527952856620439,
                    1.4296899146276654
                ]
            ],
            "lense_rotations": [
                [
                    [
                        0.9999924444499007,
                        -0.003821115426024228,
                        -0.0007142268641130743
                    ],
                    [
                        0.0038193216707088943,
                        0.9999895908825275,
                        -0.0024961787938776554
                    ],
                    [
                        0.0007237576169371441,
                        0.002493432071733812,
                        0.9999966294800277
                    ]
                ]
            ],
            "lense_footprints": [
                null
            ],
            "position": [
                -1.2128008923173554,
                0.527952856620439,
                1.4296899146276654
            ],
            "rotation": [
                [
                    0.9999924444499007,
                    -0.003821115426024228,
                    -0.0007142268641130743
                ],
                [
                    0.0038193216707088943,
                    0.9999895908825275,
                    -0.0024961787938776554
                ],
                [
                    0.0007237576169371441,
                    0.002493432071733812,
                    0.9999966294800277
                ]
            ],
            "footprint": null
        },
        {
            "dir": "/volume/smart-city-nas12/sfm/hsiaohsl/workspace/pkg/sfm/for_bike/fail/sfm_proj/case1_test3/preproc/slices/000/img_upsmpl",
            "slice": 0,
            "frame_idx": 14,
            "timestamp": 0.5839166666666653,
            "filenames": [
                "00014_8847418546250274420.jpg"
            ],
            "lense_positions": [
                [
                    -1.2050763126545885,
                    0.5292314008009597,
                    1.412599735862795
                ]
            ],
            "lense_rotations": [
                [
                    [
                        0.9999895216660039,
                        -0.004489172027997798,
                        -0.0008966006357834134
                    ],
                    [
                        0.0044855005898205465,
                        0.9999817155624572,
                        -0.004055715130995212
                    ],
                    [
                        0.0009147910448646788,
                        0.004051650931176835,
                        0.9999913736038308
                    ]
                ]
            ],
            "lense_footprints": [
                null
            ],
            "position": [
                -1.2050763126545885,
                0.5292314008009597,
                1.412599735862795
            ],
            "rotation": [
                [
                    0.9999895216660039,
                    -0.004489172027997798,
                    -0.0008966006357834134
                ],
                [
                    0.0044855005898205465,
                    0.9999817155624572,
                    -0.004055715130995212
                ],
                [
                    0.0009147910448646788,
                    0.004051650931176835,
                    0.9999913736038308
                ]
            ],
            "footprint": null
        },
        {
            "dir": "/volume/smart-city-nas12/sfm/hsiaohsl/workspace/pkg/sfm/for_bike/fail/sfm_proj/case1_test3/preproc/slices/000/img_upsmpl",
            "slice": 0,
            "frame_idx": 15,
            "timestamp": 0.6256249999999985,
            "filenames": [
                "00015_4867346852850318710.jpg"
            ],
            "lense_positions": [
                [
                    -1.1967485890149578,
                    0.5301255339947961,
                    1.394523130033024
                ]
            ],
            "lense_rotations": [
                [
                    [
                        0.9999898385692688,
                        -0.004377659626271107,
                        -0.0010765010006047351
                    ],
                    [
                        0.004372546152438865,
                        0.9999793602658138,
                        -0.004707428440101139
                    ],
                    [
                        0.0010970863013360227,
                        0.004702673555584833,
                        0.9999883405635673
                    ]
                ]
            ],
            "lense_footprints": [
                null
            ],
            "position": [
                -1.1967485890149578,
                0.5301255339947961,
                1.394523130033024
            ],
            "rotation": [
                [
                    0.9999898385692688,
                    -0.004377659626271107,
                    -0.0010765010006047351
                ],
                [
                    0.004372546152438865,
                    0.9999793602658138,
                    -0.004707428440101139
                ],
                [
                    0.0010970863013360227,
                    0.004702673555584833,
                    0.9999883405635673
                ]
            ],
            "footprint": null
        },
        {
            "dir": "/volume/smart-city-nas12/sfm/hsiaohsl/workspace/pkg/sfm/for_bike/fail/sfm_proj/case1_test3/preproc/slices/000/img_upsmpl",
            "slice": 0,
            "frame_idx": 16,
            "timestamp": 0.6673333333333318,
            "filenames": [
                "00016_5073938201736549073.jpg"
            ],
            "lense_positions": [
                [
                    -1.18790889122084,
                    0.5306483504976887,
                    1.3756745889306983
                ]
            ],
            "lense_rotations": [
                [
                    [
                        0.9999897105986133,
                        -0.004461570521876247,
                        -0.000820417808274174
                    ],
                    [
                        0.004457647067577836,
                        0.999978908870921,
                        -0.00472347286891371
                    ],
                    [
                        0.0008414746120491086,
                        0.004719767134168181,
                        0.999988507793303
                    ]
                ]
            ],
            "lense_footprints": [
                null
            ],
            "position": [
                -1.18790889122084,
                0.5306483504976887,
                1.3756745889306983
            ],
            "rotation": [
                [
                    0.9999897105986133,
                    -0.004461570521876247,
                    -0.000820417808274174
                ],
                [
                    0.004457647067577836,
                    0.999978908870921,
                    -0.00472347286891371
                ],
                [
                    0.0008414746120491086,
                    0.004719767134168181,
                    0.999988507793303
                ]
            ],
            "footprint": null
        },
        {
            "dir": "/volume/smart-city-nas12/sfm/hsiaohsl/workspace/pkg/sfm/for_bike/fail/sfm_proj/case1_test3/preproc/slices/000/img_upsmpl",
            "slice": 0,
            "frame_idx": 17,
            "timestamp": 0.709041666666665,
            "filenames": [
                "00017_420330789847684178.jpg"
            ],
            "lense_positions": [
                [
                    -1.179173830387345,
                    0.5313708149129346,
                    1.356759051562653
                ]
            ],
            "lense_rotations": [
                [
                    [
                        0.9999881995492405,
                        -0.0048150864142720365,
                        -0.0006447519612650608
                    ],
                    [
                        0.004812067296378139,
                        0.9999778186419573,
                        -0.004605022519811589
                    ],
                    [
                        0.0006669112411635208,
                        0.004601865588643017,
                        0.9999891889728111
                    ]
                ]
            ],
            "lense_footprints": [
                null
            ],
            "position": [
                -1.179173830387345,
                0.5313708149129346,
                1.356759051562653
            ],
            "rotation": [
                [
                    0.9999881995492405,
                    -0.0048150864142720365,
                    -0.0006447519612650608
                ],
                [
                    0.004812067296378139,
                    0.9999778186419573,
                    -0.004605022519811589
                ],
                [
                    0.0006669112411635208,
                    0.004601865588643017,
                    0.9999891889728111
                ]
            ],
            "footprint": null
        },
        {
            "dir": "/volume/smart-city-nas12/sfm/hsiaohsl/workspace/pkg/sfm/for_bike/fail/sfm_proj/case1_test3/preproc/slices/000/img_upsmpl",
            "slice": 0,
            "frame_idx": 18,
            "timestamp": 0.7507499999999983,
            "filenames": [
                "00018_6991731864479411512.jpg"
            ],
            "lense_positions": [
                [
                    -1.1702958610003347,
                    0.5324483723947967,
                    1.3384061953335933
                ]
            ],
            "lense_rotations": [
                [
                    [
                        0.9999872842825882,
                        -0.0049912223776641665,
                        -0.0007203973285543524
                    ],
                    [
                        0.004987479638782657,
                        0.9999745220212929,
                        -0.0051068929046641206
                    ],
                    [
                        0.0007458686124326487,
                        0.005103234999849093,
                        0.999986700247833
                    ]
                ]
            ],
            "lense_footprints": [
                null
            ],
            "position": [
                -1.1702958610003347,
                0.5324483723947967,
                1.3384061953335933
            ],
            "rotation": [
                [
                    0.9999872842825882,
                    -0.0049912223776641665,
                    -0.0007203973285543524
                ],
                [
                    0.004987479638782657,
                    0.9999745220212929,
                    -0.0051068929046641206
                ],
                [
                    0.0007458686124326487,
                    0.005103234999849093,
                    0.999986700247833
                ]
            ],
            "footprint": null
        },
        {
            "dir": "/volume/smart-city-nas12/sfm/hsiaohsl/workspace/pkg/sfm/for_bike/fail/sfm_proj/case1_test3/preproc/slices/000/img_upsmpl",
            "slice": 0,
            "frame_idx": 19,
            "timestamp": 0.7924583333333315,
            "filenames": [
                "00019_2276191871549469172.jpg"
            ],
            "lense_positions": [
                [
                    -1.1613445099440936,
                    0.5335838169320792,
                    1.3204205430886695
                ]
            ],
            "lense_rotations": [
                [
                    [
                        0.999987162742273,
                        -0.005037777346832751,
                        -0.0005432771509162915
                    ],
                    [
                        0.005034770342649567,
                        0.9999727391471049,
                        -0.005401115647051309
                    ],
                    [
                        0.0005704719587721381,
                        0.005398311035850462,
                        0.9999852662913112
                    ]
                ]
            ],
            "lense_footprints": [
                null
            ],
            "position": [
                -1.1613445099440936,
                0.5335838169320792,
                1.3204205430886695
            ],
            "rotation": [
                [
                    0.999987162742273,
                    -0.005037777346832751,
                    -0.0005432771509162915
                ],
                [
                    0.005034770342649567,
                    0.9999727391471049,
                    -0.005401115647051309
                ],
                [
                    0.0005704719587721381,
                    0.005398311035850462,
                    0.9999852662913112
                ]
            ],
            "footprint": null
        },
        {
            "dir": "/volume/smart-city-nas12/sfm/hsiaohsl/workspace/pkg/sfm/for_bike/fail/sfm_proj/case1_test3/preproc/slices/000/img_upsmpl",
            "slice": 0,
            "frame_idx": 20,
            "timestamp": 0.8341666666666647,
            "filenames": [
                "00020_7808762522144214589.jpg"
            ],
            "lense_positions": [
                [
                    -1.1526950648932703,
                    0.5347357894157017,
                    1.3019926396894608
                ]
            ],
            "lense_rotations": [
                [
                    [
                        0.9999849934614848,
